7.061875860000029206e+03 1.014991213143546372e-02 1.453186165643521082e-08
7.062873009999748319e+03 1.210558610065041313e-02 1.458549775394951471e-08
7.065855800000019372e+03 8.687877664404540165e-03 1.449176406119318642e-08
7.069845749999862164e+03 6.744771832803977789e-03 1.443847265602805152e-08
7.070868990000337362e+03 9.174773694544009761e-03 1.450511761774861351e-08
7.071881289999932051e+03 9.662118379083362713e-03 1.451848347904988245e-08
7.072889080000109971e+03 8.687877664404540165e-03 1.449176406119318642e-08
7.075894950000103563e+03 7.715429915553468319e-03 1.446509381701855052e-08
7.076896559999790043e+03 3.361514666305523251e-03 1.434568381997726545e-08
7.077892630000133067e+03 8.201429875625766003e-03 1.447842279805563566e-08
7.078883759999647737e+03 7.229877371911921403e-03 1.445177710677490474e-08
7.080832070000004023e+03 4.325934815453662090e-03 1.437213390009221997e-08
7.081892820000182837e+03 5.775900122507121245e-03 1.441190048789043978e-08
7.083853149999864399e+03 4.808811497067823175e-03 1.438537722244049407e-08
7.084833349999971688e+03 7.229877371911921403e-03 1.445177710677490474e-08
7.085813079999759793e+03 8.201429875625766003e-03 1.447842279805563566e-08
7.085896100000012666e+03 4.808811497067823175e-03 1.438537722244049407e-08
7.086874240000266582e+03 6.744771832803977789e-03 1.443847265602805152e-08
7.087841740000061691e+03 5.775900122507121245e-03 1.441190048789043978e-08
7.088810180000029504e+03 7.715429915553468319e-03 1.446509381701855052e-08
7.088901259999722242e+03 7.715429915553468319e-03 1.446509381701855052e-08
7.089866790000349283e+03 8.201429875625766003e-03 1.447842279805563566e-08
7.090833839999977499e+03 5.292133129417469876e-03 1.439863274795832137e-08
7.091804349999874830e+03 6.744771832803977789e-03 1.443847265602805152e-08
7.091876170000061393e+03 6.744771832803977789e-03 1.443847265602805152e-08
7.092823900000192225e+03 6.260112886716169209e-03 1.442518045349186908e-08
7.092902040000073612e+03 4.325934815453662090e-03 1.437213390009221997e-08
7.097799800000153482e+03 5.775900122507121245e-03 1.441190048789043978e-08
7.097887899999972433e+03 3.843502674948865837e-03 1.435890276967914062e-08
7.098838010000064969e+03 5.292133129417469876e-03 1.439863274795832137e-08
7.099787459999788553e+03 8.687877664404540165e-03 1.449176406119318642e-08
7.099894540000241250e+03 7.229877371911921403e-03 1.445177710677490474e-08
7.100828190000262111e+03 6.260112886716169209e-03 1.442518045349186908e-08
7.101807049999944866e+03 5.292133129417469876e-03 1.439863274795832137e-08
7.101916590000037104e+03 8.201429875625766003e-03 1.447842279805563566e-08
7.102881079999729991e+03 3.361514666305523251e-03 1.434568381997726545e-08
7.108841709999833256e+03 7.715429915553468319e-03 1.446509381701855052e-08
7.109791559999808669e+03 9.174773694544009761e-03 1.450511761774861351e-08
7.109894439999945462e+03 1.063815536539879612e-02 1.454525216125338760e-08
7.110801870000082999e+03 4.808811497067823175e-03 1.438537722244049407e-08
7.110913350000046194e+03 2.879970380648189544e-03 1.433247703977282122e-08
7.111823779999744147e+03 5.775900122507121245e-03 1.441190048789043978e-08
7.112755859999917448e+03 6.260112886716169209e-03 1.442518045349186908e-08
7.112839290000032634e+03 6.260112886716169209e-03 1.442518045349186908e-08
7.113767700000200421e+03 9.174773694544009761e-03 1.450511761774861351e-08
7.114763590000104159e+03 7.715429915553468319e-03 1.446509381701855052e-08
7.115736219999846071e+03 3.361514666305523251e-03 1.434568381997726545e-08
7.115905350000131875e+03 2.879970380648189544e-03 1.433247703977282122e-08
7.116879059999715537e+03 5.775900122507121245e-03 1.441190048789043978e-08
7.117843820000067353e+03 3.843502674948865837e-03 1.435890276967914062e-08
7.118895849999971688e+03 3.843502674948865837e-03 1.435890276967914062e-08
7.119892290000338107e+03 6.260112886716169209e-03 1.442518045349186908e-08
7.120827570000197738e+03 2.879970380648189544e-03 1.433247703977282122e-08
7.125766709999646991e+03 5.775900122507121245e-03 1.441190048789043978e-08
7.126715379999950528e+03 7.715429915553468319e-03 1.446509381701855052e-08
7.126926930000074208e+03 4.788905129897351540e-04 1.426662528945625064e-08
7.129858329999726266e+03 0.000000000000000000e+00 1.425349129132684725e-08
7.130775940000079572e+03 5.775900122507121245e-03 1.441190048789043978e-08
7.131704240000341088e+03 6.744771832803977789e-03 1.443847265602805152e-08
7.131890730000101030e+03 4.325934815453662090e-03 1.437213390009221997e-08
7.132808440000284463e+03 6.744771832803977789e-03 1.443847265602805152e-08
7.133930099999997765e+03 4.808811497067823175e-03 1.438537722244049407e-08
7.134824719999916852e+03 1.437995778529765900e-03 1.429292960416246886e-08
7.135742219999898225e+03 4.325934815453662090e-03 1.437213390009221997e-08
7.135928229999728501e+03 2.398869409485283009e-03 1.431928241786256636e-08
7.136830980000086129e+03 5.775900122507121245e-03 1.441190048789043978e-08
7.137728690000250936e+03 3.361514666305523251e-03 1.434568381997726545e-08
7.137914570000022650e+03 5.775900122507121245e-03 1.441190048789043978e-08
7.138788440000265837e+03 5.292133129417469876e-03 1.439863274795832137e-08
7.139726619999855757e+03 5.775900122507121245e-03 1.441190048789043978e-08
7.139908220000099391e+03 3.361514666305523251e-03 1.434568381997726545e-08
7.140784680000040680e+03 4.808811497067823175e-03 1.438537722244049407e-08
7.141688289999961853e+03 5.775900122507121245e-03 1.441190048789043978e-08
7.141874809999950230e+03 5.775900122507121245e-03 1.441190048789043978e-08
7.142743319999892265e+03 3.843502674948865837e-03 1.435890276967914062e-08
7.142927809999790043e+03 6.260112886716169209e-03 1.442518045349186908e-08
7.143799929999746382e+03 5.775900122507121245e-03 1.441190048789043978e-08
7.144686650000046939e+03 5.775900122507121245e-03 1.441190048789043978e-08
7.145691240000072867e+03 4.808811497067823175e-03 1.438537722244049407e-08
7.145889409999828786e+03 3.361514666305523251e-03 1.434568381997726545e-08
7.146728329999838024e+03 3.843502674948865837e-03 1.435890276967914062e-08
7.146869820000138134e+03 3.361514666305523251e-03 1.434568381997726545e-08
7.147710560000035912e+03 5.775900122507121245e-03 1.441190048789043978e-08
7.147852440000046045e+03 5.292133129417469876e-03 1.439863274795832137e-08
7.152848909999709576e+03 8.201429875625766003e-03 1.447842279805563566e-08
7.153686530000064522e+03 8.201429875625766003e-03 1.447842279805563566e-08
7.153850899999961257e+03 6.260112886716169209e-03 1.442518045349186908e-08
7.154730450000148267e+03 6.744771832803977789e-03 1.443847265602805152e-08
7.154919600000139326e+03 3.361514666305523251e-03 1.434568381997726545e-08
7.155756959999911487e+03 5.775900122507121245e-03 1.441190048789043978e-08
7.155942400000058115e+03 6.744771832803977789e-03 1.443847265602805152e-08
7.156801560000050813e+03 9.582223036266990885e-04 1.427977139001749610e-08
7.157809100000187755e+03 6.260112886716169209e-03 1.442518045349186908e-08
7.158682049999944866e+03 2.398869409485283009e-03 1.431928241786256636e-08
7.158866129999980330e+03 3.843502674948865837e-03 1.435890276967914062e-08
7.159682909999974072e+03 3.843502674948865837e-03 1.435890276967914062e-08
7.159867109999991953e+03 3.361514666305523251e-03 1.434568381997726545e-08
7.160705620000138879e+03 6.260112886716169209e-03 1.442518045349186908e-08
7.160893690000288188e+03 3.361514666305523251e-03 1.434568381997726545e-08
7.161733159999828786e+03 9.582223036266990885e-04 1.427977139001749610e-08
7.161918769999872893e+03 4.808811497067823175e-03 1.438537722244049407e-08
7.162735270000062883e+03 3.361514666305523251e-03 1.434568381997726545e-08
7.162922149999998510e+03 5.292133129417469876e-03 1.439863274795832137e-08
7.163745240000076592e+03 6.260112886716169209e-03 1.442518045349186908e-08
7.163927519999910146e+03 7.229877371911921403e-03 1.445177710677490474e-08
7.164853420000057667e+03 5.775900122507121245e-03 1.441190048789043978e-08
7.166689520000014454e+03 4.325934815453662090e-03 1.437213390009221997e-08
7.166875140000134706e+03 4.325934815453662090e-03 1.437213390009221997e-08
7.169618600000161678e+03 5.775900122507121245e-03 1.441190048789043978e-08
7.169803670000284910e+03 4.325934815453662090e-03 1.437213390009221997e-08
7.170606020000297576e+03 5.292133129417469876e-03 1.439863274795832137e-08
7.170793529999908060e+03 6.744771832803977789e-03 1.443847265602805152e-08
7.172608370000030845e+03 5.775900122507121245e-03 1.441190048789043978e-08
7.172792429999914020e+03 7.715429915553468319e-03 1.446509381701855052e-08
7.173575320000294596e+03 5.775900122507121245e-03 1.441190048789043978e-08
7.173778270000126213e+03 5.775900122507121245e-03 1.441190048789043978e-08
7.173940470000263304e+03 8.687877664404540165e-03 1.449176406119318642e-08
7.174711399999912828e+03 5.292133129417469876e-03 1.439863274795832137e-08
7.174885790000203997e+03 5.775900122507121245e-03 1.441190048789043978e-08
7.175666720000095665e+03 6.260112886716169209e-03 1.442518045349186908e-08
7.175890459999907762e+03 6.744771832803977789e-03 1.443847265602805152e-08
7.176833430000115186e+03 6.260112886716169209e-03 1.442518045349186908e-08
7.176941609999630600e+03 6.260112886716169209e-03 1.442518045349186908e-08
7.178696590000297874e+03 5.292133129417469876e-03 1.439863274795832137e-08
7.178811759999953210e+03 5.775900122507121245e-03 1.441190048789043978e-08
7.178945439999923110e+03 5.292133129417469876e-03 1.439863274795832137e-08
7.179708949999883771e+03 5.292133129417469876e-03 1.439863274795832137e-08
7.179879109999630600e+03 6.260112886716169209e-03 1.442518045349186908e-08
7.180660209999885410e+03 6.744771832803977789e-03 1.443847265602805152e-08
7.180835570000112057e+03 5.775900122507121245e-03 1.441190048789043978e-08
7.181598179999738932e+03 6.744771832803977789e-03 1.443847265602805152e-08
7.181788519999943674e+03 6.744771832803977789e-03 1.443847265602805152e-08
7.182558109999634326e+03 6.744771832803977789e-03 1.443847265602805152e-08
7.182748999999836087e+03 4.325934815453662090e-03 1.437213390009221997e-08
7.182914520000107586e+03 6.744771832803977789e-03 1.443847265602805152e-08
7.183671149999834597e+03 7.229877371911921403e-03 1.445177710677490474e-08
7.183858649999834597e+03 6.260112886716169209e-03 1.442518045349186908e-08
7.184662759999744594e+03 6.260112886716169209e-03 1.442518045349186908e-08
7.184850000000093132e+03 6.260112886716169209e-03 1.442518045349186908e-08
7.185627040000166744e+03 8.201429875625766003e-03 1.447842279805563566e-08
7.185809750000014901e+03 7.715429915553468319e-03 1.446509381701855052e-08
7.186661199999973178e+03 5.775900122507121245e-03 1.441190048789043978e-08
7.187553159999661148e+03 8.201429875625766003e-03 1.447842279805563566e-08
7.187736109999939799e+03 8.201429875625766003e-03 1.447842279805563566e-08
7.187901670000050217e+03 1.210558610065041313e-02 1.458549775394951471e-08
7.188682990000117570e+03 7.715429915553468319e-03 1.446509381701855052e-08
7.189555490000173450e+03 7.229877371911921403e-03 1.445177710677490474e-08
7.189743830000050366e+03 8.201429875625766003e-03 1.447842279805563566e-08
7.189912060000002384e+03 7.715429915553468319e-03 1.446509381701855052e-08
7.190727659999858588e+03 6.744771832803977789e-03 1.443847265602805152e-08
7.190901000000070781e+03 8.201429875625766003e-03 1.447842279805563566e-08
7.191824520000256598e+03 4.808811497067823175e-03 1.438537722244049407e-08
7.193629199999850243e+03 6.744771832803977789e-03 1.443847265602805152e-08
7.193768120000138879e+03 4.808811497067823175e-03 1.438537722244049407e-08
7.194538050000090152e+03 7.715429915553468319e-03 1.446509381701855052e-08
7.194733080000150949e+03 7.715429915553468319e-03 1.446509381701855052e-08
7.197572019999846816e+03 7.229877371911921403e-03 1.445177710677490474e-08
7.197758040000218898e+03 6.744771832803977789e-03 1.443847265602805152e-08
7.198554509999696165e+03 6.744771832803977789e-03 1.443847265602805152e-08
7.198740319999866188e+03 6.744771832803977789e-03 1.443847265602805152e-08
7.199516619999893010e+03 9.174773694544009761e-03 1.450511761774861351e-08
7.199688970000017434e+03 3.361514666305523251e-03 1.434568381997726545e-08
7.199859949999954551e+03 8.687877664404540165e-03 1.449176406119318642e-08
7.200628829999826849e+03 4.808811497067823175e-03 1.438537722244049407e-08
7.200799370000138879e+03 5.775900122507121245e-03 1.441190048789043978e-08
7.202775630000047386e+03 5.775900122507121245e-03 1.441190048789043978e-08
7.206591040000319481e+03 8.201429875625766003e-03 1.447842279805563566e-08
7.206764779999852180e+03 5.775900122507121245e-03 1.441190048789043978e-08
7.207573670000303537e+03 5.775900122507121245e-03 1.441190048789043978e-08
7.207738470000214875e+03 7.229877371911921403e-03 1.445177710677490474e-08
7.209669830000028014e+03 6.260112886716169209e-03 1.442518045349186908e-08
7.209829080000054091e+03 7.715429915553468319e-03 1.446509381701855052e-08
7.211606300000101328e+03 8.687877664404540165e-03 1.449176406119318642e-08
7.211790219999849796e+03 7.715429915553468319e-03 1.446509381701855052e-08
7.214567309999838471e+03 6.744771832803977789e-03 1.443847265602805152e-08
7.214761870000045747e+03 6.260112886716169209e-03 1.442518045349186908e-08
7.217778950000181794e+03 6.744771832803977789e-03 1.443847265602805152e-08
7.219636220000218600e+03 5.775900122507121245e-03 1.441190048789043978e-08
7.220529589999932796e+03 7.229877371911921403e-03 1.445177710677490474e-08
7.220713329999707639e+03 5.292133129417469876e-03 1.439863274795832137e-08
7.221516919999849051e+03 8.687877664404540165e-03 1.449176406119318642e-08
7.221699009999632835e+03 7.229877371911921403e-03 1.445177710677490474e-08
7.222476530000101775e+03 9.662118379083362713e-03 1.451848347904988245e-08
7.222694649999961257e+03 8.687877664404540165e-03 1.449176406119318642e-08
7.223534349999856204e+03 5.292133129417469876e-03 1.439863274795832137e-08
7.223715069999918342e+03 4.808811497067823175e-03 1.438537722244049407e-08
7.224559900000225753e+03 6.744771832803977789e-03 1.443847265602805152e-08
7.224761849999893457e+03 3.843502674948865837e-03 1.435890276967914062e-08
7.225586730000097305e+03 5.292133129417469876e-03 1.439863274795832137e-08
7.226619220000226051e+03 9.662118379083362713e-03 1.451848347904988245e-08
7.226787550000008196e+03 7.229877371911921403e-03 1.445177710677490474e-08
7.227572079999838024e+03 7.229877371911921403e-03 1.445177710677490474e-08
7.227755420000292361e+03 9.174773694544009761e-03 1.450511761774861351e-08
7.228575170000083745e+03 6.744771832803977789e-03 1.443847265602805152e-08
7.228768420000094920e+03 8.687877664404540165e-03 1.449176406119318642e-08
7.229602489999961108e+03 6.744771832803977789e-03 1.443847265602805152e-08
7.229766520000062883e+03 9.174773694544009761e-03 1.450511761774861351e-08
7.235543000000063330e+03 8.201429875625766003e-03 1.447842279805563566e-08
7.236479270000010729e+03 5.292133129417469876e-03 1.439863274795832137e-08
7.236643819999881089e+03 6.260112886716169209e-03 1.442518045349186908e-08
7.249638629999943078e+03 7.229877371911921403e-03 1.445177710677490474e-08
7.250619440000038594e+03 9.662118379083362713e-03 1.451848347904988245e-08
7.252673380000051111e+03 1.014991213143546372e-02 1.453186165643521082e-08
7.253605470000300556e+03 6.260112886716169209e-03 1.442518045349186908e-08
7.255572960000019521e+03 7.229877371911921403e-03 1.445177710677490474e-08
7.256581089999992400e+03 6.744771832803977789e-03 1.443847265602805152e-08
7.257643240000121295e+03 1.014991213143546372e-02 1.453186165643521082e-08
7.258485020000021905e+03 7.229877371911921403e-03 1.445177710677490474e-08
7.258509049999993294e+03 7.715429915553468319e-03 1.446509381701855052e-08
7.258589490000158548e+03 7.715429915553468319e-03 1.446509381701855052e-08
7.258658059999812394e+03 7.715429915553468319e-03 1.446509381701855052e-08
7.261603360000066459e+03 5.292133129417469876e-03 1.439863274795832137e-08
7.263561319999862462e+03 6.744771832803977789e-03 1.443847265602805152e-08
7.264506559999659657e+03 5.775900122507121245e-03 1.441190048789043978e-08
7.264695199999958277e+03 7.715429915553468319e-03 1.446509381701855052e-08
7.265646140000317246e+03 6.744771832803977789e-03 1.443847265602805152e-08
7.267594899999909103e+03 3.843502674948865837e-03 1.435890276967914062e-08
7.268609979999717325e+03 7.229877371911921403e-03 1.445177710677490474e-08
7.269573249999899417e+03 4.325934815453662090e-03 1.437213390009221997e-08
7.270526320000179112e+03 5.775900122507121245e-03 1.441190048789043978e-08
7.270700190000236034e+03 7.229877371911921403e-03 1.445177710677490474e-08
7.272517719999887049e+03 3.361514666305523251e-03 1.434568381997726545e-08
7.273636969999875873e+03 7.715429915553468319e-03 1.446509381701855052e-08
7.275639330000150949e+03 7.229877371911921403e-03 1.445177710677490474e-08
7.277625020000152290e+03 6.260112886716169209e-03 1.442518045349186908e-08
7.278613900000229478e+03 6.260112886716169209e-03 1.442518045349186908e-08
7.283593820000067353e+03 8.687877664404540165e-03 1.449176406119318642e-08
7.291533509999979287e+03 4.808811497067823175e-03 1.438537722244049407e-08
7.292561770000029355e+03 2.398869409485283009e-03 1.431928241786256636e-08
7.293523140000179410e+03 6.744771832803977789e-03 1.443847265602805152e-08
7.294534119999967515e+03 1.014991213143546372e-02 1.453186165643521082e-08
7.295508270000107586e+03 5.775900122507121245e-03 1.441190048789043978e-08
7.296573900000192225e+03 8.687877664404540165e-03 1.449176406119318642e-08
7.299547300000209361e+03 6.260112886716169209e-03 1.442518045349186908e-08
7.300550770000088960e+03 6.744771832803977789e-03 1.443847265602805152e-08
7.311491679999977350e+03 6.744771832803977789e-03 1.443847265602805152e-08
7.312513859999831766e+03 7.715429915553468319e-03 1.446509381701855052e-08
7.317514119999948889e+03 8.687877664404540165e-03 1.449176406119318642e-08
7.320515490000136197e+03 5.292133129417469876e-03 1.439863274795832137e-08
7.324528759999666363e+03 5.775900122507121245e-03 1.441190048789043978e-08
7.329510749999899417e+03 9.662118379083362713e-03 1.451848347904988245e-08
7.333506190000101924e+03 8.201429875625766003e-03 1.447842279805563566e-08
7.435880459999665618e+03 6.744771832803977789e-03 1.443847265602805152e-08
7.437842269999906421e+03 6.744771832803977789e-03 1.443847265602805152e-08
7.438855740000028163e+03 7.715429915553468319e-03 1.446509381701855052e-08
7.439879279999993742e+03 6.260112886716169209e-03 1.442518045349186908e-08
7.441836970000062138e+03 1.014991213143546372e-02 1.453186165643521082e-08
7.442847500000149012e+03 8.201429875625766003e-03 1.447842279805563566e-08
7.445830219999887049e+03 8.201429875625766003e-03 1.447842279805563566e-08
7.446835549999959767e+03 9.662118379083362713e-03 1.451848347904988245e-08
7.447836279999930412e+03 6.744771832803977789e-03 1.443847265602805152e-08
7.448838440000079572e+03 6.744771832803977789e-03 1.443847265602805152e-08
7.449869390000123531e+03 6.260112886716169209e-03 1.442518045349186908e-08
7.451822909999638796e+03 6.744771832803977789e-03 1.443847265602805152e-08
7.451875909999944270e+03 7.715429915553468319e-03 1.446509381701855052e-08
7.452801930000074208e+03 8.687877664404540165e-03 1.449176406119318642e-08
7.453804279999807477e+03 7.229877371911921403e-03 1.445177710677490474e-08
7.454876399999950081e+03 5.775900122507121245e-03 1.441190048789043978e-08
7.455879720000084490e+03 5.292133129417469876e-03 1.439863274795832137e-08
7.456895599999930710e+03 5.292133129417469876e-03 1.439863274795832137e-08
7.457891869999933988e+03 6.260112886716169209e-03 1.442518045349186908e-08
7.458885970000177622e+03 5.775900122507121245e-03 1.441190048789043978e-08
7.460887790000066161e+03 3.843502674948865837e-03 1.435890276967914062e-08
7.461894740000367165e+03 4.325934815453662090e-03 1.437213390009221997e-08
7.462876769999973476e+03 4.808811497067823175e-03 1.438537722244049407e-08
7.463907879999838769e+03 6.744771832803977789e-03 1.443847265602805152e-08
7.465831679999828339e+03 7.715429915553468319e-03 1.446509381701855052e-08
7.466892390000168234e+03 4.808811497067823175e-03 1.438537722244049407e-08
7.467895049999933690e+03 5.292133129417469876e-03 1.439863274795832137e-08
7.470850959999952465e+03 9.174773694544009761e-03 1.450511761774861351e-08
7.471815020000096411e+03 9.662118379083362713e-03 1.451848347904988245e-08
7.472766050000209361e+03 5.292133129417469876e-03 1.439863274795832137e-08
7.472897030000109226e+03 6.260112886716169209e-03 1.442518045349186908e-08
7.474772319999989122e+03 9.662118379083362713e-03 1.451848347904988245e-08
7.474875179999973625e+03 4.808811497067823175e-03 1.438537722244049407e-08
7.475804159999825060e+03 8.201429875625766003e-03 1.447842279805563566e-08
7.475908809999935329e+03 7.229877371911921403e-03 1.445177710677490474e-08
7.476768090000376105e+03 6.744771832803977789e-03 1.443847265602805152e-08
7.476847340000327677e+03 5.775900122507121245e-03 1.441190048789043978e-08
7.484886400000192225e+03 8.687877664404540165e-03 1.449176406119318642e-08
7.486810009999666363e+03 6.260112886716169209e-03 1.442518045349186908e-08
7.487920170000288635e+03 8.687877664404540165e-03 1.449176406119318642e-08
7.491718129999935627e+03 1.112684849515190727e-02 1.455865500486362918e-08
7.492765990000218153e+03 9.174773694544009761e-03 1.450511761774861351e-08
7.493753740000072867e+03 7.229877371911921403e-03 1.445177710677490474e-08
7.494746389999985695e+03 6.744771832803977789e-03 1.443847265602805152e-08
7.495720540000125766e+03 6.260112886716169209e-03 1.442518045349186908e-08
7.497864140000194311e+03 8.687877664404540165e-03 1.449176406119318642e-08
7.498873870000243187e+03 7.229877371911921403e-03 1.445177710677490474e-08
7.499827130000106990e+03 7.229877371911921403e-03 1.445177710677490474e-08
7.500768290000036359e+03 8.201429875625766003e-03 1.447842279805563566e-08
7.507802699999883771e+03 7.715429915553468319e-03 1.446509381701855052e-08
7.508852959999814630e+03 6.744771832803977789e-03 1.443847265602805152e-08
7.511700530000030994e+03 7.229877371911921403e-03 1.445177710677490474e-08
7.512902999999932945e+03 7.229877371911921403e-03 1.445177710677490474e-08
7.523855220000259578e+03 8.201429875625766003e-03 1.447842279805563566e-08
7.526868729999754578e+03 8.201429875625766003e-03 1.447842279805563566e-08
7.530723089999984950e+03 8.201429875625766003e-03 1.447842279805563566e-08
7.534858789999969304e+03 6.260112886716169209e-03 1.442518045349186908e-08
7.536854929999914020e+03 2.879970380648189544e-03 1.433247703977282122e-08
7.546706059999763966e+03 6.744771832803977789e-03 1.443847265602805152e-08
7.547632160000037402e+03 5.292133129417469876e-03 1.439863274795832137e-08
7.548781200000084937e+03 9.662118379083362713e-03 1.451848347904988245e-08
7.549895990000106394e+03 5.775900122507121245e-03 1.441190048789043978e-08
7.550874909999780357e+03 5.775900122507121245e-03 1.441190048789043978e-08
7.555615490000229329e+03 7.229877371911921403e-03 1.445177710677490474e-08
7.557555309999734163e+03 8.687877664404540165e-03 1.449176406119318642e-08
7.557916220000013709e+03 8.687877664404540165e-03 1.449176406119318642e-08
7.566565899999812245e+03 6.744771832803977789e-03 1.443847265602805152e-08
7.567508790000341833e+03 1.437995778529765900e-03 1.429292960416246886e-08
7.567829330000095069e+03 7.715429915553468319e-03 1.446509381701855052e-08
7.568851190000306815e+03 8.201429875625766003e-03 1.447842279805563566e-08
7.570648690000176430e+03 8.201429875625766003e-03 1.447842279805563566e-08
7.570835500000044703e+03 7.229877371911921403e-03 1.445177710677490474e-08
7.573725120000075549e+03 4.325934815453662090e-03 1.437213390009221997e-08
7.575663650000002235e+03 6.744771832803977789e-03 1.443847265602805152e-08
7.575807090000249445e+03 8.201429875625766003e-03 1.447842279805563566e-08
7.576611599999945611e+03 9.174773694544009761e-03 1.450511761774861351e-08
7.576765339999925345e+03 6.260112886716169209e-03 1.442518045349186908e-08
7.577591899999883026e+03 8.687877664404540165e-03 1.449176406119318642e-08
7.581712159999646246e+03 8.687877664404540165e-03 1.449176406119318642e-08
7.583746290000155568e+03 5.775900122507121245e-03 1.441190048789043978e-08
7.584593529999721795e+03 8.201429875625766003e-03 1.447842279805563566e-08
7.584736079999711365e+03 6.744771832803977789e-03 1.443847265602805152e-08
7.589547460000030696e+03 8.687877664404540165e-03 1.449176406119318642e-08
7.589701109999790788e+03 8.687877664404540165e-03 1.449176406119318642e-08
7.590500359999947250e+03 1.063815536539879612e-02 1.454525216125338760e-08
7.590648009999655187e+03 3.361514666305523251e-03 1.434568381997726545e-08
7.591509890000335872e+03 5.775900122507121245e-03 1.441190048789043978e-08
7.593582590000238270e+03 8.687877664404540165e-03 1.449176406119318642e-08
7.593729190000332892e+03 9.662118379083362713e-03 1.451848347904988245e-08
7.596488090000115335e+03 8.201429875625766003e-03 1.447842279805563566e-08
7.599555140000302345e+03 6.260112886716169209e-03 1.442518045349186908e-08
7.599774620000272989e+03 7.229877371911921403e-03 1.445177710677490474e-08
7.600681299999821931e+03 8.687877664404540165e-03 1.449176406119318642e-08
7.602488189999945462e+03 4.808811497067823175e-03 1.438537722244049407e-08
7.602655259999912232e+03 6.744771832803977789e-03 1.443847265602805152e-08
7.603475910000037402e+03 7.715429915553468319e-03 1.446509381701855052e-08
7.603633520000148565e+03 8.201429875625766003e-03 1.447842279805563566e-08
7.603773329999763519e+03 6.744771832803977789e-03 1.443847265602805152e-08
7.604601710000075400e+03 8.687877664404540165e-03 1.449176406119318642e-08
7.604741510000079870e+03 8.201429875625766003e-03 1.447842279805563566e-08
7.605606480000074953e+03 6.744771832803977789e-03 1.443847265602805152e-08
7.605744240000378340e+03 6.744771832803977789e-03 1.443847265602805152e-08
7.607490720000118017e+03 7.229877371911921403e-03 1.445177710677490474e-08
7.607675069999881089e+03 4.325934815453662090e-03 1.437213390009221997e-08
7.608589769999962300e+03 7.715429915553468319e-03 1.446509381701855052e-08
7.608754769999999553e+03 6.260112886716169209e-03 1.442518045349186908e-08
7.609633359999861568e+03 9.662118379083362713e-03 1.451848347904988245e-08
7.610476759999990463e+03 9.662118379083362713e-03 1.451848347904988245e-08
7.610666029999963939e+03 6.744771832803977789e-03 1.443847265602805152e-08
7.611666889999993145e+03 7.715429915553468319e-03 1.446509381701855052e-08
7.612590749999973923e+03 7.229877371911921403e-03 1.445177710677490474e-08
7.612729069999884814e+03 6.744771832803977789e-03 1.443847265602805152e-08
7.616612100000027567e+03 6.744771832803977789e-03 1.443847265602805152e-08
7.617562570000067353e+03 8.201429875625766003e-03 1.447842279805563566e-08
7.617722980000078678e+03 5.775900122507121245e-03 1.441190048789043978e-08
7.618612929999828339e+03 4.325934815453662090e-03 1.437213390009221997e-08
7.619544290000107139e+03 3.361514666305523251e-03 1.434568381997726545e-08
7.621623840000014752e+03 8.201429875625766003e-03 1.447842279805563566e-08
7.622562750000040978e+03 8.687877664404540165e-03 1.449176406119318642e-08
7.623476549999788404e+03 7.229877371911921403e-03 1.445177710677490474e-08
7.623660900000017136e+03 8.201429875625766003e-03 1.447842279805563566e-08
7.624608209999743849e+03 4.808811497067823175e-03 1.438537722244049407e-08
7.625583809999749064e+03 9.174773694544009761e-03 1.450511761774861351e-08
7.626546059999614954e+03 6.260112886716169209e-03 1.442518045349186908e-08
7.630550179999787360e+03 6.744771832803977789e-03 1.443847265602805152e-08
7.631527309999801219e+03 6.260112886716169209e-03 1.442518045349186908e-08
7.632501420000102371e+03 3.843502674948865837e-03 1.435890276967914062e-08
7.633553709999658167e+03 3.843502674948865837e-03 1.435890276967914062e-08
7.634560599999967963e+03 6.260112886716169209e-03 1.442518045349186908e-08
7.636515029999893159e+03 6.260112886716169209e-03 1.442518045349186908e-08
7.637509079999756068e+03 3.843502674948865837e-03 1.435890276967914062e-08
7.638508770000189543e+03 5.292133129417469876e-03 1.439863274795832137e-08
7.639577520000282675e+03 7.229877371911921403e-03 1.445177710677490474e-08
7.644505950000137091e+03 5.292133129417469876e-03 1.439863274795832137e-08
7.645534750000108033e+03 5.292133129417469876e-03 1.439863274795832137e-08
7.648517070000059903e+03 8.201429875625766003e-03 1.447842279805563566e-08
7.649541359999682754e+03 5.775900122507121245e-03 1.441190048789043978e-08
7.650589290000032634e+03 9.174773694544009761e-03 1.450511761774861351e-08
7.652482970000244677e+03 7.229877371911921403e-03 1.445177710677490474e-08
7.653558410000056028e+03 8.201429875625766003e-03 1.447842279805563566e-08
7.655556299999821931e+03 7.715429915553468319e-03 1.446509381701855052e-08
7.656598280000034720e+03 9.174773694544009761e-03 1.450511761774861351e-08
7.659588809999637306e+03 1.014991213143546372e-02 1.453186165643521082e-08
7.661533030000049621e+03 7.229877371911921403e-03 1.445177710677490474e-08
7.664486099999863654e+03 6.744771832803977789e-03 1.443847265602805152e-08
7.667567499999888241e+03 8.687877664404540165e-03 1.449176406119318642e-08
7.675522330000065267e+03 9.662118379083362713e-03 1.451848347904988245e-08
7.682519139999989420e+03 8.687877664404540165e-03 1.449176406119318642e-08
7.790881289999932051e+03 5.277092953273468390e-02 1.570078095560274072e-08
7.791876370000187308e+03 5.647377007727018977e-02 1.580233464995719816e-08
7.792873350000008941e+03 5.224389844489048251e-02 1.568632665940324498e-08
7.793870039999950677e+03 5.171735254714421304e-02 1.567188566997359318e-08
7.794877220000140369e+03 5.382644906745995272e-02 1.572972951736914912e-08
7.795882960000075400e+03 6.073492366105954360e-02 1.591920057584324857e-08
7.796870679999701679e+03 5.700469881551841617e-02 1.581689584268466547e-08
7.798877100000157952e+03 6.234096829656307626e-02 1.596324777800382655e-08
7.800868379999883473e+03 6.556640126873408692e-02 1.605170814519410299e-08
7.802848290000110865e+03 7.207098748886188455e-02 1.623010220590403461e-08
7.803888920000288635e+03 7.043809492564651054e-02 1.618531867545383522e-08
7.807875090000219643e+03 8.140975526128527151e-02 1.648622621572874554e-08
7.809840259999968112e+03 9.033376695355019304e-02 1.673097517127027174e-08
7.810836809999775141e+03 9.089589626761378216e-02 1.674639206753180185e-08
7.811855959999840707e+03 9.484533162994829292e-02 1.685470884402683786e-08
7.812887029999867082e+03 8.921106035463884087e-02 1.670018394452845723e-08
7.814856459999922663e+03 9.996073601070348813e-02 1.699500335758597535e-08
7.815884890000335872e+03 1.011032624931350599e-01 1.702633816225639551e-08
7.816874809999950230e+03 1.074249170561815403e-01 1.719971515961521975e-08
7.817871359999757260e+03 1.028210032136883528e-01 1.707344872886524090e-08
7.818857590000145137e+03 1.161492238869927945e-01 1.743898703176165170e-08
7.819837420000229031e+03 1.196728354073887113e-01 1.753562521076566167e-08
7.820846150000113994e+03 1.238084019239721195e-01 1.764904679966649379e-08
7.821844879999756813e+03 1.267787449514406195e-01 1.773051109830733013e-08
7.822840650000143796e+03 1.357722903475840626e-01 1.797716707750436475e-08
7.823826150000095367e+03 1.351688473756690878e-01 1.796061711744177475e-08
7.824820659999735653e+03 1.461163156909226768e-01 1.826086117004702500e-08
7.825813690000213683e+03 1.572467906496157197e-01 1.856612434257093348e-08
7.825902859999798238e+03 1.436678362870547343e-01 1.819370944530410048e-08
7.826861740000080317e+03 1.504229203948407034e-01 1.837897363331595667e-08
7.827837159999646246e+03 1.572467906496157197e-01 1.856612434257093348e-08
7.828806309999898076e+03 1.635105887864884699e-01 1.873791457599827722e-08
7.828895640000235289e+03 1.609981444125040406e-01 1.866900855507476483e-08
7.830803470000158995e+03 1.736534417703544386e-01 1.901609133770783290e-08
7.830882579999975860e+03 1.704677290742279416e-01 1.892872033440578892e-08
7.834867890000343323e+03 2.016647283424394810e-01 1.978432577848456405e-08
7.835835150000173599e+03 2.023294444970689110e-01 1.980255621006480896e-08
7.836785929999779910e+03 2.137237950316489277e-01 2.011505640488522603e-08
7.836899269999936223e+03 2.137237950316489277e-01 2.011505640488522603e-08
7.837832479999866337e+03 2.232422675996652839e-01 2.037610897851553037e-08
7.838770959999877959e+03 2.335777542688872721e-01 2.065956889032828756e-08
7.838888909999746829e+03 2.328842706073132873e-01 2.064054948429115162e-08
7.839836740000173450e+03 2.232422675996652839e-01 2.037610897851553037e-08
7.840762570000253618e+03 2.511240651966785142e-01 2.114079206901440196e-08
7.840880499999970198e+03 2.525453014441928490e-01 2.117977073681000355e-08
7.841821020000148565e+03 2.611279173025161104e-01 2.141515660804989389e-08
7.842737690000329167e+03 2.705334233019249801e-01 2.167311097309069688e-08
7.842845770000014454e+03 2.705334233019249801e-01 2.167311097309069688e-08
7.843769659999758005e+03 2.807891694509044300e-01 2.195438393023366070e-08
7.843887609999626875e+03 2.785803632588761403e-01 2.189380545643345915e-08
7.844806199999991804e+03 2.919252132697281454e-01 2.225979983369826069e-08
7.844916470000054687e+03 2.971749196104850332e-01 2.240377769792648345e-08
7.845830440000165254e+03 2.979276444254376210e-01 2.242442184526993886e-08
7.846761189999990165e+03 3.100660076943188570e-01 2.275732725087550697e-08
7.846868690000381321e+03 3.047334567835579544e-01 2.261107730065278407e-08
7.847771620000246912e+03 3.192878921133489034e-01 2.301024563080531223e-08
7.847887839999981225e+03 3.200609931107751271e-01 2.303144861307080724e-08
7.848785339999943972e+03 3.293939589187169781e-01 2.328741349886073387e-08
7.848905329999979585e+03 3.309595065135009229e-01 2.333035003367119436e-08
7.849798540000338107e+03 3.412061627124793883e-01 2.361137369085295454e-08
7.849919040000066161e+03 3.115959190751177998e-01 2.279928643083110908e-08
7.850810719999950379e+03 3.507741298446123146e-01 2.387378369691278140e-08
7.851724870000034571e+03 3.784647626327731218e-01 2.463322392255262596e-08
7.851828429999761283e+03 3.653258286463940130e-01 2.427287697535143937e-08
7.852824539999943227e+03 3.926386695361531176e-01 2.502195592225987845e-08
7.853895200000144541e+03 4.104568060738414959e-01 2.551063415999408974e-08
7.854751420000102371e+03 4.199285677237541425e-01 2.577040564516188304e-08
7.854871319999918342e+03 4.181992839146335683e-01 2.572297849908541572e-08
7.855781590000260621e+03 4.242657393337577187e-01 2.588935643300910444e-08
7.855904029999859631e+03 4.164731826318924246e-01 2.567563863662468724e-08
7.856792020000051707e+03 4.569891797181054871e-01 2.678682588194948239e-08
7.856914619999937713e+03 4.551916905775306166e-01 2.673752814401237893e-08
7.858860760000068694e+03 4.927102261793691040e-01 2.776650734290302266e-08
7.862750800000037998e+03 5.771742278171941853e-01 3.008300768989760637e-08
7.862862000000197440e+03 5.751555534181919116e-01 3.002764374957887313e-08
7.863815500000026077e+03 6.006582333848448085e-01 3.072707742364703170e-08
7.864789330000057817e+03 5.414009600617759599e-01 2.910189401351874585e-08
7.864924029999878258e+03 5.822372124163768259e-01 3.022186454433750524e-08
7.865767800000030547e+03 6.037582042424185502e-01 3.081209688078848974e-08
7.865907870000228286e+03 5.944839292071081305e-01 3.055774164162350848e-08
7.866764560000039637e+03 6.384292446979612512e-01 3.176298099341097223e-08
7.866897590000182390e+03 5.651177715609592145e-01 2.975234865694236157e-08
7.867768209999892861e+03 6.256995005559455869e-01 3.141385644152702089e-08
7.867899770000018179e+03 6.384292446979612512e-01 3.176298099341097223e-08
7.868838190000038594e+03 7.189746698874965869e-01 3.397201089706673142e-08
7.869715640000067651e+03 7.396815036487862649e-01 3.453991422467447279e-08
7.869833690000232309e+03 6.523795002931146447e-01 3.214557915712814238e-08
7.870726370000280440e+03 7.166950298532442920e-01 3.390948974216086149e-08
7.870856320000253618e+03 6.986082967226251439e-01 3.341344500403997234e-08
7.871740909999702126e+03 7.098812512014956999e-01 3.372261580409194692e-08
7.871881320000160486e+03 6.997309256625590113e-01 3.344423410091527377e-08
7.872740869999863207e+03 7.583779957602941879e-01 3.505268214502000879e-08
7.872887490000110120e+03 6.963661384016415212e-01 3.335195181844776315e-08
7.873720490000210702e+03 7.385220958066343044e-01 3.450811643370347844e-08
7.873841399999801069e+03 7.725822904806187719e-01 3.544224755762662774e-08
7.874680579999927431e+03 8.765321274394517470e-01 3.829316426434030528e-08
7.874808009999804199e+03 8.688374924816173461e-01 3.808213205885410460e-08
7.874920820000115782e+03 8.713976475736301408e-01 3.815234658864204033e-08
7.875888090000022203e+03 8.739625229918497329e-01 3.822269057757332854e-08
7.876692429999820888e+03 9.182961109306572167e-01 3.943857864648257542e-08
7.876815170000307262e+03 7.454945877519233433e-01 3.469934322496938194e-08
7.877654459999874234e+03 9.209474561281240090e-01 3.951129414599525721e-08
7.877782360000070184e+03 7.501643681213143733e-01 3.482741610378546972e-08
7.877925429999828339e+03 7.797435270579134992e-01 3.563865083824960599e-08
7.878813209999818355e+03 7.525057177742709991e-01 3.489162969985408049e-08
7.878935360000003129e+03 8.223154303444815127e-01 3.680622313915028847e-08
7.879759370000101626e+03 9.667756646380016861e-01 4.076817351302408337e-08
7.880680819999892265e+03 1.000000000000000000e+00 4.167938045210269828e-08
7.880790500000119209e+03 9.736369677617074947e-01 4.095635085199332307e-08
7.881747150000184774e+03 9.916249381839045141e-01 4.144968693501981458e-08
7.881870850000064820e+03 9.805299412216748056e-01 4.114539677809455961e-08
7.882745370000135154e+03 9.805299412216748056e-01 4.114539677809455961e-08
7.882876620000228286e+03 9.736369677617074947e-01 4.095635085199332307e-08
7.889919629999902099e+03 9.236036897849853045e-01 3.958414371585345256e-08
7.890780069999862462e+03 8.946525058393952623e-01 3.879013175388847025e-08
7.893634209999814630e+03 8.548406279018101461e-01 3.769825560228992038e-08
7.893737859999760985e+03 8.309957358475139610e-01 3.704428823575813107e-08
7.893868050000164658e+03 8.235520502518447472e-01 3.684013853966364503e-08
7.894619179999921471e+03 8.523109438936202764e-01 3.762887676906951933e-08
7.894730579999741167e+03 7.833390131328969996e-01 3.573726024082121554e-08
7.894850209999829531e+03 7.121483282242162538e-01 3.378479240723601828e-08
7.895606600000057369e+03 8.149195815899218376e-01 3.660338541095787403e-08
7.897655159999616444e+03 7.443298283263224402e-01 3.466739866206388415e-08
7.897824329999741167e+03 7.431661411899117553e-01 3.463548350764286337e-08
7.900940529999788851e+03 6.599606489103185814e-01 3.235349889881494844e-08
7.901706479999702424e+03 6.331080811622727955e-01 3.161704335207481803e-08
7.902584819999989122e+03 6.352336064455501585e-01 3.167533777290241270e-08
7.902690170000307262e+03 6.162440991372837296e-01 3.115453365024815199e-08
7.902821390000171959e+03 6.141535216212067327e-01 3.109719770301021840e-08
7.903755790000315756e+03 5.852862137274101872e-01 3.030548611634496002e-08
7.903867670000065118e+03 5.771742278171941853e-01 3.008300768989760637e-08
7.904610210000071675e+03 5.761644258007679875e-01 3.005531297172077007e-08
7.904724630000069737e+03 5.210744751227461835e-01 2.854442209055273838e-08
7.904847440000157803e+03 5.512192929641023253e-01 2.937117052344154931e-08
7.905575209999922663e+03 5.601334436476824719e-01 2.961564903205187156e-08
7.905693450000137091e+03 5.201163191005198083e-01 2.851814380968842622e-08
7.905814089999999851e+03 4.797394112543195699e-01 2.741077121044367761e-08
7.905933459999971092e+03 5.355532205156265935e-01 2.894151455688496698e-08
7.906632089999970049e+03 5.096346423825590666e-01 2.823067450580254985e-08
7.906763580000028014e+03 4.889871968702187988e-01 2.766439995372794721e-08
7.906874059999827296e+03 4.834283076255977418e-01 2.751194247344794073e-08
7.907647470000199974e+03 5.058493759353130947e-01 2.812686020777637732e-08
7.907742809999734163e+03 4.751473612738606467e-01 2.728483015665886722e-08
7.908588609999977052e+03 4.899166687037936341e-01 2.768989154521363466e-08
7.908705459999851882e+03 4.678439259505090542e-01 2.708452694898773401e-08
7.908826640000101179e+03 4.614974153406640189e-01 2.691046825244443647e-08
7.908928150000050664e+03 4.843526571744321552e-01 2.753729358172008730e-08
7.909628800000064075e+03 4.569891797181054871e-01 2.678682588194948239e-08
7.909749369999859482e+03 4.216610399270890874e-01 2.581792023578467141e-08
7.909851549999788404e+03 4.286229304183165612e-01 2.600885627274653660e-08
7.909942549999803305e+03 4.489264895508870423e-01 2.656569943508567425e-08
7.910643999999854714e+03 4.400459827073220920e-01 2.632214363870254853e-08
7.910776740000117570e+03 4.164731826318924246e-01 2.567563863662468724e-08
7.910894139999989420e+03 4.330002333831207695e-01 2.612890769868239122e-08
7.911611049999948591e+03 4.356363074649276523e-01 2.620120437426962041e-08
7.911718700000084937e+03 4.303714329895800828e-01 2.605681051046334222e-08
7.916766820000018924e+03 3.062535361897659736e-01 2.265276682996302573e-08
7.917592140000313520e+03 3.419994604826954721e-01 2.363313058757039290e-08
7.917706670000217855e+03 3.325279406112776059e-01 2.337336573339280093e-08
7.917818669999949634e+03 3.356734896137668067e-01 2.345963521168485837e-08
7.917923179999925196e+03 3.317433624171158835e-01 2.335184797880176050e-08
7.922690150000154972e+03 2.683529156698257201e-01 2.161330861245851675e-08
7.923572420000098646e+03 2.705334233019249801e-01 2.167311097309069688e-08
7.923708779999986291e+03 2.654549285215606624e-01 2.153382873814084751e-08
7.923818859999999404e+03 2.596908858447269930e-01 2.137574474256802323e-08
7.923901340000331402e+03 2.575402958989267410e-01 2.131676290108422576e-08
7.924602239999920130e+03 2.468760308329571440e-01 2.102428594940381241e-08
7.924728230000007898e+03 2.482894347003170854e-01 2.106304980720943564e-08
7.924836579999886453e+03 2.377520962083466971e-01 2.077405392967907850e-08
7.925626029999926686e+03 2.539691581183876612e-01 2.121882127213730175e-08
7.925762300000060350e+03 2.475824073183925667e-01 2.104365895259914311e-08
7.925883080000057817e+03 2.489971135785046807e-01 2.108245852968403342e-08
7.926651779999956489e+03 2.433538908996488170e-01 2.092768812998415440e-08
7.926797090000007302e+03 2.370547696057750120e-01 2.075492912756808864e-08
7.928641470000147820e+03 2.246120963444475649e-01 2.041367774983917197e-08
7.932681490000337362e+03 1.884981673859918716e-01 1.942322113706443193e-08
7.932803290000185370e+03 1.891507511034928868e-01 1.944111882576874403e-08
7.933661709999665618e+03 1.832990791552343013e-01 1.928063151951058244e-08
7.933793629999738187e+03 1.820052817515225296e-01 1.924514797531988403e-08
7.933839199999812990e+03 1.852442493711319305e-01 1.933397954225063342e-08
7.933853149999864399e+03 1.826518825455379358e-01 1.926288157702781844e-08
7.934595399999991059e+03 1.832990791552343013e-01 1.928063151951058244e-08
7.934717480000108480e+03 1.768538590481719963e-01 1.910386562723748630e-08
7.934826100000180304e+03 1.794248257695640059e-01 1.917437667557442802e-08
7.935566229999996722e+03 1.698323451339290857e-01 1.891129436488461560e-08
7.935697920000180602e+03 1.672966533983795689e-01 1.884175076439954028e-08
7.935807299999985844e+03 1.635105887864884699e-01 1.873791457599827722e-08
7.935886270000133663e+03 1.647702863092349035e-01 1.877246290063322456e-08
7.936558370000217110e+03 1.704677290742279416e-01 1.892872033440578892e-08
7.936685399999842048e+03 1.672966533983795689e-01 1.884175076439954028e-08
7.936815049999859184e+03 1.672966533983795689e-01 1.884175076439954028e-08
7.937500099999830127e+03 1.704677290742279416e-01 1.892872033440578892e-08
7.937611340000294149e+03 1.603714782666891547e-01 1.865182167881883763e-08
7.937733200000133365e+03 1.628816096592165807e-01 1.872066426416927867e-08
7.938523620000109076e+03 1.597453890360016338e-01 1.863465062497324665e-08
7.938639700000174344e+03 1.535161104579297053e-01 1.846380712113944972e-08
7.944497010000050068e+03 1.321599553291834261e-01 1.787809557767811796e-08
7.944547609999775887e+03 1.249948979154113377e-01 1.768158750721741055e-08
7.944589190000202507e+03 1.244013767189134367e-01 1.766530966066768841e-08
7.944700199999846518e+03 1.226240895271354936e-01 1.761656597913911920e-08
7.944757909999694675e+03 1.249948979154113377e-01 1.768158750721741055e-08
7.944800659999717027e+03 1.255889660169547117e-01 1.769788035312429241e-08
7.944840529999695718e+03 1.255889660169547117e-01 1.769788035312429241e-08
7.945532379999756813e+03 1.249948979154113377e-01 1.768158750721741055e-08
7.945642409999854863e+03 1.120628790735705566e-01 1.732691539183602157e-08
7.945754530000034720e+03 1.138109442092726520e-01 1.737485763249360265e-08
7.946474690000060946e+03 1.208517063830364668e-01 1.756795679547863244e-08
7.946586690000258386e+03 1.179085956241324867e-01 1.748723936601704467e-08
7.946715580000076443e+03 1.161492238869927945e-01 1.743898703176165170e-08
7.946827680000104010e+03 1.184961339934753055e-01 1.750335312821234444e-08
7.947570069999899715e+03 1.161492238869927945e-01 1.743898703176165170e-08
7.947731469999998808e+03 1.155638461065983391e-01 1.742293252563936957e-08
7.948472159999888390e+03 1.120628790735705566e-01 1.732691539183602157e-08
7.948590809999965131e+03 1.143947067636296167e-01 1.739086783960560714e-08
7.948705449999775738e+03 1.097396263488258084e-01 1.726319812011470225e-08
7.948836159999947995e+03 1.161492238869927945e-01 1.743898703176165170e-08
7.949636729999911040e+03 1.080027951526923990e-01 1.721556398023856923e-08
7.949757790000177920e+03 1.080027951526923990e-01 1.721556398023856923e-08
7.952783129999879748e+03 9.427956642613562199e-02 1.683919223025604781e-08
7.953541519999969751e+03 9.089589626761378216e-02 1.674639206753180185e-08
7.953683459999971092e+03 9.484533162994829292e-02 1.685470884402683786e-08
7.953800319999922067e+03 9.427956642613562199e-02 1.683919223025604781e-08
7.954558729999698699e+03 8.977215514136560603e-02 1.671557246795791487e-08
7.954704049999825656e+03 9.033376695355019304e-02 1.673097517127027174e-08
7.955764229999855161e+03 8.362844438886933573e-02 1.654707573782408604e-08
7.956547840000130236e+03 8.585532254475658487e-02 1.660814985130200000e-08
7.956687479999847710e+03 8.196366147053112117e-02 1.650141758602898639e-08
7.956803929999936372e+03 8.921106035463884087e-02 1.670018394452845723e-08
7.957727130000013858e+03 8.474085795181382497e-02 1.657758466890234298e-08
7.958629350000061095e+03 8.196366147053112117e-02 1.650141758602898639e-08
7.958735640000086278e+03 8.196366147053112117e-02 1.650141758602898639e-08
7.959491440000012517e+03 7.864786380662593113e-02 1.641047888681916628e-08
7.959599369999952614e+03 7.699682374580972544e-02 1.636519764511121925e-08
7.959715809999965131e+03 7.699682374580972544e-02 1.636519764511121925e-08
7.959809679999947548e+03 8.196366147053112117e-02 1.650141758602898639e-08
7.960599890000186861e+03 7.864786380662593113e-02 1.641047888681916628e-08
7.960721510000061244e+03 7.809701015391776191e-02 1.639537123559618054e-08
7.961547720000147820e+03 7.754666362259818313e-02 1.638027749262819207e-08
7.961648949999827892e+03 7.316209180891714015e-02 1.626002671204871438e-08
7.962487909999676049e+03 6.826791143578384014e-02 1.612579946360231817e-08
7.962662340000271797e+03 6.880970798370825148e-02 1.614065871567338265e-08
7.964550569999963045e+03 6.826791143578384014e-02 1.612579946360231817e-08
7.964660020000301301e+03 6.448927584873148655e-02 1.602216702281285690e-08
7.965642359999939799e+03 6.341413274073751105e-02 1.599268026710104049e-08
7.966498269999865443e+03 6.234096829656307626e-02 1.596324777800382655e-08
7.966601340000052005e+03 6.341413274073751105e-02 1.599268026710104049e-08
7.966713010000064969e+03 6.180512693518375872e-02 1.594855185221887857e-08
7.967633400000166148e+03 6.395145673390206786e-02 1.600741685538099885e-08
7.967723249999806285e+03 6.341413274073751105e-02 1.599268026710104049e-08
7.971487979999743402e+03 5.753611678247060046e-02 1.583147045294434263e-08
7.971540769999846816e+03 5.806802442893069238e-02 1.584605849309992621e-08
7.971583719999995083e+03 5.806802442893069238e-02 1.584605849309992621e-08
7.971628899999894202e+03 5.647377007727018977e-02 1.580233464995719816e-08
7.971667580000124872e+03 6.126977887472730144e-02 1.593386945565036275e-08
7.971719909999985248e+03 5.753611678247060046e-02 1.583147045294434263e-08
7.972502599999774247e+03 5.541337848573785890e-02 1.577325246770081503e-08
7.972548950000200421e+03 5.435493840974103125e-02 1.574422380749320130e-08
7.972591840000357479e+03 5.753611678247060046e-02 1.583147045294434263e-08
7.972645829999819398e+03 5.541337848573785890e-02 1.577325246770081503e-08
7.972698580000083894e+03 5.753611678247060046e-02 1.583147045294434263e-08
7.972744609999936074e+03 5.594333011733357286e-02 1.578778686240953018e-08
7.973619500000029802e+03 5.014062152984032766e-02 1.562864241985665823e-08
7.974476659999694675e+03 4.961601192988642633e-02 1.561425453511564354e-08
7.974597800000105053e+03 5.119129139282511259e-02 1.565745797506344889e-08
7.974713440000079572e+03 4.961601192988642633e-02 1.561425453511564354e-08
7.975659700000192970e+03 4.909188529078563346e-02 1.559987989600545598e-08
7.979595729999709874e+03 4.232198667613527865e-02 1.541420940697036531e-08
7.980518999999854714e+03 4.439640555004973482e-02 1.547110218907936586e-08
7.980644600000232458e+03 4.283987513583573103e-02 1.542841295846375441e-08
7.981585429999977350e+03 4.439640555004973482e-02 1.547110218907936586e-08
7.982477029999718070e+03 4.180457498973552677e-02 1.540001893140867651e-08
7.982607290000189096e+03 4.077118018156206114e-02 1.537167715994039065e-08
7.983532509999815375e+03 3.922465280914037150e-02 1.532926227164024543e-08
7.983642380000092089e+03 3.768239275153991569e-02 1.528696441824340396e-08
7.984559869999997318e+03 4.077118018156206114e-02 1.537167715994039065e-08
7.984670229999814183e+03 3.871009255932234688e-02 1.531514999926219459e-08
7.985606110000051558e+03 3.768239275153991569e-02 1.528696441824340396e-08
7.986583300000056624e+03 2.801308549667753250e-02 1.502177506921006440e-08
7.987494220000226051e+03 3.054125743386623335e-02 1.509111243253878261e-08
7.987632509999908507e+03 3.155579066111577347e-02 1.511893690837925291e-08
7.990562359999865294e+03 3.206375851993328863e-02 1.513286837857242058e-08
7.991480220000259578e+03 3.257219444995905488e-02 1.514681268603466150e-08
7.991614120000042021e+03 3.206375851993328863e-02 1.513286837857242058e-08
7.992530199999921024e+03 3.054125743386623335e-02 1.509111243253878261e-08
7.992647040000185370e+03 3.206375851993328863e-02 1.513286837857242058e-08
7.993576840000227094e+03 3.359047224926885178e-02 1.517473986009341253e-08
7.994510720000136644e+03 3.359047224926885178e-02 1.517473986009341253e-08
7.994622840000316501e+03 3.206375851993328863e-02 1.513286837857242058e-08
7.998509379999712110e+03 2.902295736716709734e-02 1.504947170319669352e-08
7.998549370000138879e+03 2.549652945440488219e-02 1.495275628212781164e-08
7.998600440000183880e+03 2.750884672801491918e-02 1.500794587263015731e-08
8.000479770000092685e+03 3.104829044259894283e-02 1.510501826363714306e-08
8.000521699999924749e+03 2.599891395657237536e-02 1.496653462380035013e-08
8.000575329999905080e+03 2.750884672801491918e-02 1.500794587263015731e-08
8.000621749999932945e+03 2.952859132567340131e-02 1.506333916409861396e-08
8.001545529999770224e+03 2.952859132567340131e-02 1.506333916409861396e-08
8.002515879999846220e+03 2.750884672801491918e-02 1.500794587263015731e-08
8.003536249999888241e+03 2.449314752489831562e-02 1.492523764054324123e-08
8.004547770000062883e+03 2.299153593685797706e-02 1.488405460756710814e-08
8.005595319999847561e+03 2.499460745244054885e-02 1.493899062493458461e-08
8.008520440000109375e+03 1.950386895037696522e-02 1.478840223936618276e-08
8.010550720000173897e+03 2.149406772804016152e-02 1.484298521045028674e-08
8.012485299999825656e+03 2.000073146566837268e-02 1.480202913563870956e-08
8.013489169999957085e+03 2.399214924638655086e-02 1.491149731728703754e-08
8.014498740000184625e+03 2.349161219190897334e-02 1.489776964351007391e-08
8.015496379999909550e+03 2.149406772804016152e-02 1.484298521045028674e-08
8.016514159999787807e+03 2.049805181906132201e-02 1.481566858852826258e-08
8.017539420000277460e+03 1.950386895037696522e-02 1.478840223936618276e-08
8.018564879999961704e+03 1.752098884620109653e-02 1.473401998940994861e-08
8.020514059999957681e+03 2.000073146566837268e-02 1.480202913563870956e-08
8.021558230000082403e+03 2.249192005701371525e-02 1.487035219782353718e-08
8.026501569999847561e+03 2.049805181906132201e-02 1.481566858852826258e-08
8.026554299999959767e+03 1.702640920680007636e-02 1.472045570303856043e-08
8.029563020000234246e+03 2.449314752489831562e-02 1.492523764054324123e-08
8.032534520000219345e+03 1.554540050212979002e-02 1.467983772245812831e-08
8.035549209999851882e+03 1.456033235677333011e-02 1.465282135268777025e-08
8.039517779999878258e+03 1.112684849515190727e-02 1.455865500486362918e-08
8.040564089999999851e+03 1.554540050212979002e-02 1.467983772245812831e-08
8.048502379999961704e+03 1.406847832738785699e-02 1.463933181859456305e-08
8.054508330000098795e+03 1.456033235677333011e-02 1.465282135268777025e-08
